latitude=50.94151567643948
longitude=6.955385215741066
spanLat=0.09378003310692407
spanLng=0.15071868896484375

latmax: 51.03521567
longmax= 7.10609521